0.20495054089986292
0.1655970400973924
0.21742735483909784
-0.0007168210916408402
0.03007664619460937
-0.06695076477356177
-0.0014255329376546555
0.06068258329670784
0.2323614337625384
-0.03467087578547812
-0.011045025254062701
-0.15504469454417413
0.03624022343954547
-0.13106962656927434
-0.011336534049791042
-0.06716250681260394
-0.09816411170544065
-0.07350111199578402
-0.03938651093718895
-0.050402959902607736
0.020907103060225363
-0.028134994351537213
-0.039181780059608984
-0.04883368417695533
-0.007242373890286619
-0.10764471814436594
-0.04784357958917146
-0.03812896699977697
-0.012113010093182774
0.009192678899382245
0.29687036461296934
-0.030775508922215533
-0.1606542423831244
0.02878575528052829
0.07409952192650693
0.16214107039800696
-0.07992364047431844
0.10559704009739224
0.13339683222161866
0.016056406247498378
0.02857065180534668
-0.08544663378981121
-0.009093000910026905
-0.0024981979978457858
-0.03968669430620125
0.02380263586049658
0.04856140687616317
0.017150120452323447
-0.11322337743574093
0.30732026785003175
-0.04526727290202065
0.2260015178987851
0.2562043852805186
0.16471344294861934
-0.1464502502500415
-0.1874029599026077
-0.14426790465513073
-0.08019865978944674
-0.1095633989376551
-0.0041559695272844754
-0.14131644211712008
-0.1294029599026077
-0.1550364959980407
-0.04563349045682463
-0.16744528603319353
0.08073554610923883
0.27595146468702136
-0.08459873367014958
0.033608727581420195
-0.04924730940853317
-0.05241928399359286
-0.08388964508741137
0.10001836668277131
-0.16026404590282717
-0.00305702982901801
-0.06376691958382075
-0.0749320880205786
-0.11405314825312429
0.07492218840774517
-0.03143206700348289
0.01371983869253135
-0.01270081676319279
-0.013215337551141904
-0.009537214531855742
-0.022659715225157973
0.07490126632985028
0.12828305708333598
-0.058049553155904876
-0.05070121761222257
-0.0317018201010949
-0.009981541707921676
-0.03991192048333636
-0.014223796992425652
0.005529615627190898
9.555110503722819e-05
-0.045421351766479656
0.05161614316803065
0.1059535539115497
-0.05041036964080192
0.10030387508695804
0.09976223368030357
0.08320923665278468
-0.05727673766618094
-0.09143206700348305
0.021584133817696083
-0.03998816347689804
-0.044717997457420555
-0.0477584005770908
-0.07472273772801269
0.1749965044250883
0.12278073612842888
-0.005279402341927475
0.01969181431946343
0.03245981881673987
0.032365749004261146
-0.03901502326290984
-0.28327156302712464
0.12506816273624466
0.1375864751129664
0.16806983172951784
-0.18694074981473946
0.04890126632985037
0.0292553924858171
0.01613892283329532
0.01943482103190941
0.016245833258698328
-0.18329242980781685
0.04190126632985036
0.0017308737001416885
-0.01800841155341193
-0.04058497061472455
0.03237685985931593
0.1967176459476221
0.34401948577820357
0.2772974994769964
0.10956578657087812
0.17511775156792148
-0.045717611091106614
0.0032221900933760983
0.036493822818408905
0.10866865786943136
0.016239445065648783
0.07728997593467463
-0.1202602157393814
0.0425022779822542
0.012352819111536906
0.027769721699218597
0.010053942570923513
0.009328903709008907
-0.04861344442443982
-0.048468140488164335
0.005019485778203603
0.012955682290351628
0.012518212063668988
-0.0037754661056903505
-0.034812113690997126
-0.035449245219346504
-0.0979310636723458
-0.033774791178720925
-0.05022473814721912
-0.03485250358123998
0.00881552339370073
0.3198759230861184
0.010898570745523806
-0.0878240283007814
0.030379563399746345
0.10245156986418641
0.14071866341869743
-0.061624706144730035
0.03651948577820363
0.009994029999613852
0.0302622511478301
0.017424184245590446
-0.04499553983506788
-0.04725386864889247
0.011043295302013145
-0.015720662916166014
0.022638950786455725
0.04726488845232946
0.027789762611579616
0.053141255095141504
0.08504512680384457
-0.09294578519940168
0.08379049235464175
0.18875067604693946
0.15015949786681548
-0.20393148270150657
-0.2099805142217964
-0.09828783843823845
-0.12437906853679903
-0.24863651077913948
-0.03581026187531644
-0.21873184900187287
-0.2334805142217964
-0.10813248530230346
-0.14084483727577424
-0.3303634693545819
0.002725739365514679
0.2681594294101764
-0.06930560622696946
0.046403628757039295
-0.04746642930138911
-0.0532801042394252
-0.09095733863299649
0.09930750378318193
-0.18176761078927328
-0.013014674570838325
-0.07234128274525342
-0.0851035448824693
-0.12069417477677924
0.0831918414425884
-0.07830560622696936
0.0028619620903727605
-0.02997017974837768
-0.03286414753564515
-0.02529588029966312
-0.021607495739152188
0.05569439377303065
0.10978006553864866
-0.0501593643542525
-0.04102802435487307
-0.03745727021482448
-0.0023007229245834426
0.1272987893774261
0.0642646776558824
0.03228238268294692
0.040475776564553034
0.021067082758726263
0.04880280070599696
0.10162903429590653
-0.04651303790962724
0.09489117208560394
0.09320877339034583
0.07042338032125206
-0.06653579203504509
-0.124972272893636
0.023378266438198847
-0.05829553682989752
-0.0709274906246824
-0.06290782172478393
-0.07003577904843636
0.16717058424922138
0.11363840439806516
-0.0024974847801847444
0.019704834714661446
0.020425264007418842
0.03452171017053868
-0.04533049310479731
-0.28515880875545807
0.12294296847588992
0.1335960831425439
0.16034842472413624
-0.1883775506058859
0.021194393773030784
0.016323467509352374
0.01603668603137609
0.017416326084058853
0.0010342112832957273
-0.1851259451593788
0.026694393773030622
-0.031963951151636305
-0.005422931516462448
-0.021198482259067508
0.06401412255421812
0.21995194393237086
0.2159280852410475
0.22688170020852935
0.019488170293026408
0.05474181437732595
-0.05782340842982936
-0.004535762498176971
0.047433217833006414
0.2368489669843067
-0.04315980945160014
-0.016355357690984396
-0.17093708105340777
0.030097326327753166
-0.0985719147589525
-0.008618299791470663
-0.045836894200508516
-0.07102388447780372
-0.058601186207607014
-0.008015187792113854
-0.021571914758952482
0.015083670651879044
-0.005521861705677367
0.0019261486817170326
-0.02621766814520987
-0.011653573104449477
-0.13104444223147999
-0.05526611614085475
-0.04922109317344625
-0.028951580238395835
-0.003200643627753297
0.3072070175750289
-0.03523858142561914
-0.16475892479147067
0.03106228325968796
0.08153792325629938
0.16420079500154316
-0.08763952015909335
0.07642808524104755
0.12945087016900367
-0.008342247522690749
-0.004370716898707827
-0.09522388054225794
-0.03547343274745465
-0.015000486187523865
-0.047685607483778314
0.019789584040847408
0.025251371474056095
0.025112784717301384
-0.12358596625864424
0.2902817805653311
-0.029573008849658994
0.20779281165252972
0.2422852512818816
0.154761320363477
-0.1617697686725708
-0.20007191475895247
-0.13918597095192534
-0.0849378891766151
-0.11807318302365316
-0.012094465351144112
-0.12458307660264979
-0.12857191475895247
-0.16317728000456044
-0.041113054015552986
-0.16696778674173413
0.08002343327488903
0.2877885787345099
-0.057910002368966706
0.04235101061726648
-0.04074141916576868
-0.044752819256491994
-0.07968562789515776
0.09452132910859698
-0.16537279107726444
-0.0013992166967905506
-0.06776010605278637
-0.07862423833781074
-0.11727005512148592
0.07755397999991107
-0.03557666903563339
0.01782323283948878
-0.016593179164780314
-0.01669885646291669
-0.01910576678404652
-0.025580623099088345
0.06608999763103329
0.13435566305295338
-0.06320537555559547
-0.04940407949194692
-0.03808161516937758
-0.002039490693776458
-0.02630011225907658
-0.01841015648488603
0.0166684388912538
0.012279789478288117
-0.04279702173880939
0.05464227677695008
0.1091455531865887
-0.05790072549384462
0.10313547560253666
0.1046367059623231
0.08651170155745669
-0.07647003764910656
-0.1047433357023001
0.0490165793480527
-0.07675110458854606
-0.09351716471869054
-0.050935339686988934
-0.07084390983812411
0.18811380715484294
0.1312158610446169
-0.008689669412610956
0.018055422952008016
0.02661356509934787
0.02254145649687503
-0.029626442791289453
-0.2893794766186196
0.13874335740729238
0.1476227858341047
0.16676782386358546
-0.18410217168743667
0.0225899976310332
0.014061073177844607
0.017620982923987727
0.01842376658725231
0.007640328686919884
-0.1780113881493118
0.03358999763103332
-0.021733844786082035
-0.0024274008849828332
-0.01802131254611905
0.06034200718855631
